11010101000010110111111000100000
11010101000010110111101000100000
11010101000010110111110100100000
11010101000010110111110000100000
11010101000010110111101100100000
11010101000010110111010000100000
11010101000010110111010100100000
11010101001110110100010000000000
11010101001110110100010000100000
11010101001110110000000011100000
11010101001110111101000001000000
11010101001110111101000001100000
11010101001110110100001010000000
11010101001110110100001000000000
11010101001110110100001011000000
11010101000110110100010000000000
11010101000110110100010000100000
11010101000110111101000001000000
11010101000110110100001010000000
11010101000110110100001000000000
11010101000110110100001011000000